1 0 3132
2 3132 5165
3 8297 5556
4 13853 4690
5 18543 5527
6 24070 1869
7 25939 3873
8 29812 6071
9 35883 2454
10 38337 4427
11 42764 964
12 43728 781
13 44509 4165
14 48674 2662
15 51336 2951
16 54287 1245
17 55532 1938
18 57470 2311
19 59781 2729
20 62510 2297
21 64807 1284
22 66091 4692
23 70783 4573
24 75356 3570
25 78926 3123
26 82049 4097
27 86146 4496
28 90642 2766
29 93408 3814
30 97222 2301
31 99523 1732
32 101255 2290
33 103545 20491
34 124036 3303
35 127339 4075
36 131414 1910
37 133324 8725
38 142049 2669
39 144718 5308
40 150026 5340
41 155366 3680
42 159046 4161
43 163207 5923
44 169130 3020
45 172150 5453
46 177603 1729
47 179332 2612
48 181944 5023
49 186967 4780
50 191747 3303
51 195050 5411
52 200461 5482
53 205943 4269
54 210212 2529
55 212741 4403
56 217144 7391
57 224535 4722
58 229257 161
59 229418 893
60 230311 784
61 231095 2225
62 233320 1770
63 235090 928
64 236018 1830
65 237848 12128
66 249976 4426
67 254402 6879
68 261281 9972
69 271253 1107
70 272360 9936
71 282296 3371
72 285667 1393
73 287060 3507
74 290567 5357
75 295924 4657
76 300581 5532
77 306113 3447
78 309560 772
79 310332 2570
80 312902 3931
81 316833 3519
82 320352 5160
83 325512 5247
84 330759 1305
85 332064 9364
86 341428 3279
87 344707 585
88 345292 1538
89 346830 3310
90 350140 1872
91 352012 3267
92 355279 5103
93 360382 2122
94 362504 5822
95 368326 2292
96 370618 4207
97 374825 4908
98 379733 1296
99 381029 5518
100 386547 1242
101 387789 1958
102 389747 2666
103 392413 2422
104 394835 1218
105 396053 1141
106 397194 6822
107 404016 3171
108 407187 2598
109 409785 5246
110 415031 1919
111 416950 2574
112 419524 4779
113 424303 4732
114 429035 4491
115 433526 3092
116 436618 7699
117 444317 5817
118 450134 3533
119 453667 3348
120 457015 2370
121 459385 3499
122 462884 2179
123 465063 2044
124 467107 9193
125 476300 5414
126 481714 7530
127 489244 5446
128 494690 4864
129 499554 8272
130 507826 11957
131 519783 6337
132 526120 1438
133 527558 1863
134 529421 981
135 530402 5305
136 535707 2958
137 538665 676
138 539341 4196
139 543537 821
140 544358 3154
141 547512 739
142 548251 926
143 549177 4234
144 553411 3676
145 557087 1281
146 558368 1813
147 560181 1154
148 561335 1642
149 562977 884
150 563861 2504
151 566365 4390
152 570755 4688
153 575443 1116
154 576559 2248
155 578807 962
156 579769 1978
157 581747 899
158 582646 1199
159 583845 1489
160 585334 560
161 585894 3971
162 589865 1454
163 591319 4817
164 596136 2488
165 598624 2072
166 600696 2494
167 603190 2245
168 605435 3490
169 608925 1678
170 610603 1128
171 611731 2612
172 614343 2031
173 616374 1901
174 618275 4296
175 622571 14602
176 637173 2128
177 639301 6591
178 645892 13734
179 659626 9065
180 668691 3709
181 672400 4610
182 677010 3643
183 680653 5675
184 686328 1694
185 688022 3990
186 692012 1895
187 693907 9767
188 703674 6490
189 710164 2456
190 712620 4532
191 717152 7554
192 724706 2089
193 726795 3708
194 730503 4316
195 734819 1089
196 735908 2217
197 738125 1030
198 739155 1086
199 740241 6690
200 746931 2161
201 749092 1932
202 751024 6690
203 757714 6207
204 763921 3628
205 767549 631
206 768180 1837
207 770017 3081
208 773098 1258
209 774356 2301
210 776657 1113
211 777770 3480
212 781250 4112
213 785362 4328
214 789690 6288
215 795978 3755
216 799733 712
217 800445 4277
218 804722 4081
219 808803 537
220 809340 999
221 810339 1584
222 811923 3655
223 815578 3589
224 819167 4804
225 823971 2698
226 826669 2079
227 828748 3131
228 831879 802
229 832681 7182
230 839863 947
231 840810 3148
232 843958 2385
233 846343 2674
234 849017 3406
235 852423 2550
236 854973 4071
237 859044 2042
238 861086 1862
239 862948 4436
240 867384 1423
241 868807 4425
242 873232 3882
243 877114 5681
244 882795 6665
245 889460 4531
246 893991 1801
247 895792 1270
248 897062 2849
249 899911 6444
250 906355 2539
251 908894 3448
252 912342 2713
253 915055 2277
254 917332 10500
255 927832 764
256 928596 9116
257 937712 6814
258 944526 2205
259 946731 2521
260 949252 2391
261 951643 2370
262 954013 1347
263 955360 1136
264 956496 2946
265 959442 10172
266 969614 1277
267 970891 3969
268 974860 1125
269 975985 457
270 976442 10796
271 987238 1836
272 989074 3364
273 992438 3343
274 995781 3583
275 999364 9693
276 1009057 2185
277 1011242 1112
278 1012354 781
279 1013135 1055
280 1014190 1833
281 1016023 8522
282 1024545 3456
283 1028001 6346
284 1034347 4815
285 1039162 5611
286 1044773 1707
287 1046480 5361
288 1051841 1692
289 1053533 1711
290 1055244 6803
291 1062047 2785
292 1064832 1497
293 1066329 2067
294 1068396 2581
295 1070977 2578
296 1073555 3781
297 1077336 8073
298 1085409 11537
299 1096946 2035
300 1098981 3595
301 1102576 5157
302 1107733 5322
303 1113055 5150
304 1118205 6328
305 1124533 1021
306 1125554 7186
307 1132740 2931
308 1135671 9523
309 1145194 4207
310 1149401 6412
311 1155813 2873
312 1158686 1582
313 1160268 2909
314 1163177 3389
315 1166566 1760
316 1168326 5542
317 1173868 9060
318 1182928 175
319 1183103 2281
320 1185384 8408
321 1193792 6786
322 1200578 6448
323 1207026 3677
324 1210703 3370
325 1214073 2876
326 1216949 3402
327 1220351 458
328 1220809 2156
329 1222965 3914
330 1226879 3603
331 1230482 2898
332 1233380 3567
333 1236947 2684
334 1239631 6549
335 1246180 9410
336 1255590 8427
337 1264017 10514
338 1274531 9681
339 1284212 10263
340 1294475 7945
341 1302420 5461
342 1307881 6231
343 1314112 7480
344 1321592 3538
345 1325130 3977
346 1329107 2358
347 1331465 1545
348 1333010 1650
349 1334660 3139
350 1337799 3501
351 1341300 7587
352 1348887 6329
353 1355216 5924
354 1361140 3560
355 1364700 4581
356 1369281 3471
357 1372752 11591
358 1384343 5139
359 1389482 6628
360 1396110 4793
361 1400903 1058
362 1401961 4154
363 1406115 3645
364 1409760 3430
365 1413190 4299
366 1417489 4892
367 1422381 4545
368 1426926 7973
369 1434899 2233
370 1437132 5525
371 1442657 4365
372 1447022 6519
373 1453541 4777
374 1458318 2155
375 1460473 2131
376 1462604 1481
377 1464085 3301
378 1467386 4583
379 1471969 4122
380 1476091 6223
381 1482314 8565
382 1490879 1841
383 1492720 5768
384 1498488 7262
385 1505750 1273
386 1507023 3408
387 1510431 4095
388 1514526 1614
389 1516140 7282
390 1523422 2742
391 1526164 10127
392 1536291 4280
393 1540571 5792
394 1546363 802
395 1547165 3744
396 1550909 1963
397 1552872 783
398 1553655 1097
399 1554752 2940
400 1557692 4412
401 1562104 9680
402 1571784 2192
403 1573976 3167
404 1577143 2102
405 1579245 2283
406 1581528 27044
407 1608572 1896
408 1610468 1776
409 1612244 5376
410 1617620 5466
411 1623086 2503
412 1625589 3414
413 1629003 4778
414 1633781 3729
415 1637510 3382
416 1640892 15490
417 1656382 4146
418 1660528 3599
419 1664127 10159
420 1674286 1684
421 1675970 1505
422 1677475 5870
423 1683345 10962
424 1694307 5256
425 1699563 3858
426 1703421 2201
427 1705622 1312
428 1706934 670
429 1707604 1536
430 1709140 4655
431 1713795 2741
432 1716536 1957
433 1718493 8797
434 1727290 6277
435 1733567 5197
436 1738764 1978
437 1740742 6480
438 1747222 2974
439 1750196 2944
440 1753140 7516
441 1760656 1702
442 1762358 2122
443 1764480 2597
444 1767077 1704
445 1768781 1606
446 1770387 10923
447 1781310 7620
448 1788930 3386
449 1792316 3043
450 1795359 1905
451 1797264 5580
452 1802844 8191
453 1811035 3213
454 1814248 583
455 1814831 3662
456 1818493 5129
457 1823622 6915
458 1830537 927
459 1831464 2369
460 1833833 4374
461 1838207 3558
462 1841765 2911
463 1844676 5632
464 1850308 5094
465 1855402 7360
466 1862762 1130
467 1863892 3945
468 1867837 1353
469 1869190 7353
470 1876543 3299
471 1879842 4388
472 1884230 4882
473 1889112 2351
474 1891463 6085
475 1897548 2285
476 1899833 1714
477 1901547 15318
478 1916865 9303
479 1926168 5399
480 1931567 1377
481 1932944 5702
482 1938646 1399
483 1940045 6570
484 1946615 4639
485 1951254 4615
486 1955869 9774
487 1965643 1737
488 1967380 3483
489 1970863 15712
490 1986575 9603
491 1996178 3915
492 2000093 7902
493 2007995 13785
494 2021780 3803
495 2025583 14097
496 2039680 5405
497 2045085 1996
498 2047081 3116
499 2050197 6319
500 2056516 983
501 2057499 6640
502 2064139 937
503 2065076 1147
504 2066223 788
505 2067011 6312
506 2073323 2844
507 2076167 5078
508 2081245 9069
509 2090314 7354
510 2097668 5490
511 2103158 3600
512 2106758 1509
513 2108267 641
514 2108908 3284
515 2112192 9170
516 2121362 2879
517 2124241 2217
518 2126458 5714
519 2132172 1300
520 2133472 4412
521 2137884 692
522 2138576 2553
523 2141129 1538
524 2142667 1135
525 2143802 2517
526 2146319 4361
527 2150680 2926
528 2153606 5431
529 2159037 5865
530 2164902 4464
531 2169366 2761
532 2172127 2067
533 2174194 1069
534 2175263 807
535 2176070 2638
536 2178708 5782
537 2184490 1807
538 2186297 1734
539 2188031 7472
540 2195503 1206
541 2196709 2226
542 2198935 2431
543 2201366 1393
544 2202759 582
545 2203341 5003
546 2208344 6121
547 2214465 11623
548 2226088 1217
549 2227305 2342
550 2229647 1029
551 2230676 1264
552 2231940 2182
553 2234122 2820
554 2236942 5186
555 2242128 2440
556 2244568 3022
557 2247590 20079
558 2267669 2848
559 2270517 1612
560 2272129 2246
561 2274375 1763
562 2276138 1460
563 2277598 7350
564 2284948 4602
565 2289550 12590
566 2302140 2412
567 2304552 1822
568 2306374 1445
569 2307819 3108
570 2310927 1378
571 2312305 3880
572 2316185 1103
573 2317288 1336
574 2318624 2385
575 2321009 1959
576 2322968 2360
577 2325328 3465
578 2328793 199
579 2328992 970
580 2329962 7319
581 2337281 5209
582 2342490 6569
583 2349059 4433
584 2353492 3698
585 2357190 2749
586 2359939 30922
587 2390861 3961
588 2394822 5286
589 2400108 2844
590 2402952 1964
591 2404916 4742
592 2409658 1225
593 2410883 2561
594 2413444 9654
595 2423098 2021
596 2425119 1855
597 2426974 2647
598 2429621 3189
599 2432810 9540
600 2442350 3464
601 2445814 8380
602 2454194 2139
603 2456333 1728
604 2458061 1067
605 2459128 1480
606 2460608 1057
607 2461665 1370
608 2463035 5362
609 2468397 4994
610 2473391 2153
611 2475544 1740
612 2477284 4018
613 2481302 2321
614 2483623 2258
615 2485881 7672
616 2493553 1317
617 2494870 1476
618 2496346 4281
619 2500627 1265
620 2501892 1233
621 2503125 1410
622 2504535 1687
623 2506222 5185
624 2511407 2524
625 2513931 1374
626 2515305 3183
627 2518488 10932
628 2529420 3830
629 2533250 9577
630 2542827 3786
631 2546613 1567
632 2548180 2114
633 2550294 7033
634 2557327 1865
635 2559192 7363
636 2566555 3387
637 2569942 1920
638 2571862 12888
639 2584750 5252
640 2590002 4677
641 2594679 1376
642 2596055 2474
643 2598529 2321
644 2600850 2153
645 2603003 3606
646 2606609 1380
647 2607989 11045
648 2619034 1169
649 2620203 671
650 2620874 4759
651 2625633 2040
652 2627673 1294
653 2628967 901
654 2629868 7412
655 2637280 3115
656 2640395 1894
657 2642289 2877
658 2645166 970
659 2646136 1320
660 2647456 1355
661 2648811 527
662 2649338 3971
663 2653309 4620
664 2657929 4957
665 2662886 3244
666 2666130 2210
667 2668340 859
668 2669199 785
669 2669984 1244
670 2671228 5684
671 2676912 1590
672 2678502 767
673 2679269 1684
674 2680953 12978
675 2693931 553
676 2694484 1841
677 2696325 2471
678 2698796 2322
679 2701118 2687
680 2703805 1649
681 2705454 621
682 2706075 2160
683 2708235 2196
684 2710431 2200
685 2712631 2323
686 2714954 2135
687 2717089 481
688 2717570 2428
689 2719998 1233
690 2721231 3101
691 2724332 1559
692 2725891 706
693 2726597 1044
694 2727641 3752
695 2731393 1647
696 2733040 2697
697 2735737 2678
698 2738415 510
699 2738925 4146
700 2743071 6068
701 2749139 1734
702 2750873 3589
703 2754462 2451
704 2756913 6019
705 2762932 5776
706 2768708 7762
707 2776470 4935
708 2781405 903
709 2782308 1269
710 2783577 2029
711 2785606 4061
712 2789667 3490
713 2793157 602
714 2793759 4055
715 2797814 2906
716 2800720 2849
717 2803569 3501
718 2807070 5608
719 2812678 4643
720 2817321 5090
721 2822411 2703
722 2825114 9164
723 2834278 9402
724 2843680 5544
725 2849224 2019
726 2851243 7351
727 2858594 1990
728 2860584 3730
729 2864314 2604
730 2866918 8362
731 2875280 1304
732 2876584 1880
733 2878464 3084
734 2881548 4556
735 2886104 2021
736 2888125 1197
737 2889322 1217
738 2890539 5285
739 2895824 2779
740 2898603 4012
741 2902615 1134
742 2903749 2020
743 2905769 2142
744 2907911 1335
745 2909246 2890
746 2912136 1582
747 2913718 7317
748 2921035 5294
749 2926329 735
750 2927064 530
751 2927594 859
752 2928453 670
753 2929123 531
754 2929654 569
755 2930223 1339
756 2931562 3522
757 2935084 3737
758 2938821 510
759 2939331 2083
760 2941414 1336
761 2942750 3394
762 2946144 6248
763 2952392 3266
764 2955658 5322
765 2960980 3008
766 2963988 3809
767 2967797 3288
768 2971085 3037
769 2974122 2099
770 2976221 1933
771 2978154 3196
772 2981350 3775
773 2985125 209
774 2985334 1940
775 2987274 2170
776 2989444 3807
777 2993251 3798
778 2997049 11150
779 3008199 10073
780 3018272 2049
781 3020321 3822
782 3024143 3446
783 3027589 4216
784 3031805 1515
785 3033320 1456
786 3034776 2351
787 3037127 1948
788 3039075 3100
789 3042175 2759
790 3044934 1917
791 3046851 2386
792 3049237 4993
793 3054230 6538
794 3060768 4715
795 3065483 4233
796 3069716 3601
797 3073317 3048
798 3076365 4099
799 3080464 8643
800 3089107 4034
801 3093141 7530
802 3100671 38566
803 3139237 5438
804 3144675 17870
805 3162545 5289
806 3167834 2767
807 3170601 10539
808 3181140 3781
809 3184921 4726
810 3189647 5406
811 3195053 4824
812 3199877 5244
813 3205121 6724
814 3211845 6483
815 3218328 4677
816 3223005 4148
817 3227153 8951
818 3236104 8403
819 3244507 5481
820 3249988 4270
821 3254258 7442
822 3261700 7903
823 3269603 5646
824 3275249 5356
825 3280605 4463
826 3285068 4958
827 3290026 4316
828 3294342 4368
829 3298710 5344
830 3304054 1255
831 3305309 4007
832 3309316 19870
833 3329186 3707
834 3332893 6331
835 3339224 4676
836 3343900 2812
837 3346712 3479
838 3350191 3912
839 3354103 3466
840 3357569 4275
841 3361844 11914
842 3373758 4242
843 3378000 8217
844 3386217 7861
845 3394078 8001
846 3402079 7308
847 3409387 1627
848 3411014 5250
849 3416264 16447
850 3432711 4606
851 3437317 9447
852 3446764 5307
853 3452071 4195
854 3456266 4784
855 3461050 4029
856 3465079 10507
857 3475586 5553
858 3481139 4111
859 3485250 3161
860 3488411 3744
861 3492155 3919
862 3496074 3311
863 3499385 3416
864 3502801 18429
865 3521230 4806
866 3526036 5362
867 3531398 3397
868 3534795 11473
869 3546268 7875
870 3554143 19537
871 3573680 5453
872 3579133 1228
873 3580361 2125
874 3582486 2869
875 3585355 3664
876 3589019 19352
877 3608371 19775
878 3628146 4350
879 3632496 4296
880 3636792 3520
881 3640312 12563
882 3652875 6783
883 3659658 25785
884 3685443 11226
885 3696669 7093
886 3703762 1549
887 3705311 5946
888 3711257 6350
889 3717607 23589
890 3741196 1565
891 3742761 2808
892 3745569 2810
893 3748379 2699
894 3751078 1243
895 3752321 1099
896 3753420 854
897 3754274 974
898 3755248 989
899 3756237 2353
900 3758590 1737
901 3760327 1146
902 3761473 896
903 3762369 1127
904 3763496 1351
905 3764847 992
906 3765839 1943
907 3767782 2619
908 3770401 1269
909 3771670 2736
910 3774406 2812
911 3777218 2993
912 3780211 1056
913 3781267 3621
914 3784888 2539
915 3787427 4290
916 3791717 3326
917 3795043 5877
918 3800920 3295
919 3804215 916
920 3805131 2323
921 3807454 4623
922 3812077 2308
923 3814385 790
924 3815175 5801
925 3820976 1230
926 3822206 6011
927 3828217 870
928 3829087 1614
929 3830701 869
930 3831570 3270
931 3834840 6413
932 3841253 822
933 3842075 3416
934 3845491 4033
935 3849524 1243
936 3850767 1077
937 3851844 1798
938 3853642 1531
939 3855173 2493
940 3857666 2492
941 3860158 1744
942 3861902 1375
943 3863277 2906
944 3866183 2433
945 3868616 1564
946 3870180 1857
947 3872037 1077
948 3873114 947
949 3874061 3360
950 3877421 1954
951 3879375 1925
952 3881300 2220
953 3883520 1950
954 3885470 3120
955 3888590 1790
956 3890380 3193
957 3893573 3797
958 3897370 513
959 3897883 1101
960 3898984 2564
961 3901548 1053
962 3902601 2276
963 3904877 1858
964 3906735 1420
965 3908155 720
966 3908875 1673
967 3910548 2534
968 3913082 1562
969 3914644 2282
970 3916926 2385
971 3919311 2245
972 3921556 1063
973 3922619 2516
974 3925135 1422
975 3926557 4182
976 3930739 2105
977 3932844 1786
978 3934630 4209
979 3938839 533
980 3939372 826
981 3940198 2560
982 3942758 4235
983 3946993 3554
984 3950547 900
985 3951447 4076
986 3955523 3510
987 3959033 1217
988 3960250 2391
989 3962641 2650
990 3965291 178
991 3965469 178
992 3965647 199
993 3965846 190
994 3966036 163
995 3966199 204
996 3966403 203
997 3966606 203
998 3966809 202
999 3967011 205
1000 3967216 197
1001 3967413 179
1002 3967592 162
1003 3967754 167
1004 3967921 189
1005 3968110 186
1006 3968296 208
1007 3968504 183
1008 3968687 164
1009 3968851 170
1010 3969021 185
1011 3969206 179
1012 3969385 199
1013 3969584 200
1014 3969784 204
1015 3969988 200
1016 3970188 164
1017 3970352 192
1018 3970544 206
1019 3970750 186
1020 3970936 204
1021 3971140 179
1022 3971319 198
1023 3971517 203
1024 3971720 200
1025 3971920 207
1026 3972127 183
1027 3972310 210
1028 3972520 202
1029 3972722 205
1030 3972927 206
1031 3973133 200
1032 3973333 198
1033 3973531 193
1034 3973724 185
1035 3973909 170
1036 3974079 205
1037 3974284 197
1038 3974481 173
1039 3974654 158
1040 3974812 6710
1041 3981522 8216
1042 3989738 3712
1043 3993450 5017
1044 3998467 3497
1045 4001964 1885
1046 4003849 988
1047 4004837 1407
1048 4006244 1166
1049 4007410 2095
1050 4009505 1295
1051 4010800 1734
1052 4012534 1804
1053 4014338 2178
1054 4016516 1800
1055 4018316 7663
1056 4025979 18351
1057 4044330 3875
1058 4048205 4407
1059 4052612 3342
1060 4055954 3545
1061 4059499 10509
1062 4070008 4061
1063 4074069 1215
1064 4075284 890
1065 4076174 1502
1066 4077676 963
1067 4078639 1971
1068 4080610 4460
1069 4085070 1628
1070 4086698 6240
1071 4092938 7696
1072 4100634 1991
1073 4102625 4001
1074 4106626 2671
1075 4109297 4769
1076 4114066 8846
1077 4122912 4975
1078 4127887 7973
1079 4135860 4783
1080 4140643 10037
1081 4150680 2210
1082 4152890 1615
1083 4154505 2099
1084 4156604 1874
1085 4158478 2435
1086 4160913 2893
1087 4163806 2581
1088 4166387 13300
1089 4179687 2488
1090 4182175 2259
1091 4184434 2513
1092 4186947 3085
1093 4190032 1586
1094 4191618 10159
1095 4201777 9651
1096 4211428 4719
1097 4216147 6999
1098 4223146 3659
1099 4226805 3426
1100 4230231 2846
1101 4233077 5877
1102 4238954 3083
1103 4242037 5858
1104 4247895 4772
1105 4252667 13734
1106 4266401 3830
1107 4270231 2969
1108 4273200 1623
1109 4274823 8108
1110 4282931 5691
1111 4288622 12502
1112 4301124 3815
1113 4304939 2204
1114 4307143 5467
1115 4312610 5849
1116 4318459 7927
1117 4326386 10142
1118 4336528 3602
1119 4340130 3388
1120 4343518 2184
1121 4345702 384
1122 4346086 3783
1123 4349869 2030
1124 4351899 1483
1125 4353382 7378
1126 4360760 1020
1127 4361780 944
1128 4362724 1677
1129 4364401 3278
1130 4367679 1825
1131 4369504 4061
1132 4373565 2170
1133 4375735 4027
1134 4379762 1397
1135 4381159 4920
1136 4386079 2602
1137 4388681 1753
1138 4390434 1976
1139 4392410 1485
1140 4393895 1614
1141 4395509 211
1142 4395720 2811
1143 4398531 938
1144 4399469 1115
1145 4400584 15568
1146 4416152 6423
1147 4422575 13954
1148 4436529 727
1149 4437256 2760
1150 4440016 2042
1151 4442058 2599
1152 4444657 2775
1153 4447432 1768
1154 4449200 20054
1155 4469254 9029
1156 4478283 3562
1157 4481845 3544
1158 4485389 3385
1159 4488774 2093
1160 4490867 3352
1161 4494219 420
1162 4494639 2537
1163 4497176 2899
1164 4500075 13920
1165 4513995 1797
1166 4515792 4098
1167 4519890 2750
1168 4522640 2959
1169 4525599 919
1170 4526518 678
1171 4527196 20140
1172 4547336 3836
1173 4551172 220
1174 4551392 28626
1175 4580018 4204
1176 4584222 7391
1177 4591613 9321
1178 4600934 30302
1179 4631236 19673
1180 4650909 940
1181 4651849 606
1182 4652455 2314
1183 4654769 1604
1184 4656373 4955
1185 4661328 3305
1186 4664633 4038
1187 4668671 2490
1188 4671161 4581
1189 4675742 1134
1190 4676876 1993
1191 4678869 659
1192 4679528 411
1193 4679939 9909
1194 4689848 2290
1195 4692138 843
1196 4692981 30442
1197 4723423 3532
1198 4726955 921
1199 4727876 2575
1200 4730451 3113
1201 4733564 320
1202 4733884 7204
1203 4741088 19021
1204 4760109 5692
1205 4765801 1292
1206 4767093 2169
1207 4769262 2337
1208 4771599 2598
1209 4774197 2540
1210 4776737 1234
1211 4777971 8989
1212 4786960 3637
1213 4790597 2135
1214 4792732 2348
1215 4795080 22085
1216 4817165 842
1217 4818007 385
1218 4818392 1141
1219 4819533 3834
1220 4823367 1125
1221 4824492 3528
1222 4828020 3240
1223 4831260 1567
1224 4832827 1336
1225 4834163 2006
1226 4836169 2147
1227 4838316 1273
1228 4839589 1303
1229 4840892 3885
1230 4844777 542
1231 4845319 6460
1232 4851779 2564
1233 4854343 3662
1234 4858005 810
1235 4858815 1261
1236 4860076 2407
1237 4862483 679
1238 4863162 778
1239 4863940 5007
1240 4868947 4320
1241 4873267 5464
1242 4878731 3020
1243 4881751 2752
1244 4884503 3745
1245 4888248 2127
1246 4890375 4011
1247 4894386 13142
1248 4907528 2518
1249 4910046 1922
1250 4911968 3626
1251 4915594 3869
1252 4919463 3879
1253 4923342 1900
1254 4925242 5442
1255 4930684 6880
1256 4937564 2512
1257 4940076 4586
1258 4944662 6980
1259 4951642 1507
1260 4953149 2488
1261 4955637 2677
1262 4958314 818
1263 4959132 5365
1264 4964497 273
1265 4964770 842
1266 4965612 3581
1267 4969193 5930
1268 4975123 1242
1269 4976365 1389
1270 4977754 3691
1271 4981445 4587
1272 4986032 2391
1273 4988423 2207
1274 4990630 3781
1275 4994411 4065
1276 4998476 933
1277 4999409 2942
1278 5002351 1144
1279 5003495 1788
1280 5005283 2007
1281 5007290 3131
1282 5010421 7148
1283 5017569 8617
1284 5026186 3971
1285 5030157 4002
1286 5034159 4632
1287 5038791 3908
1288 5042699 4635
1289 5047334 1162
1290 5048496 4221
1291 5052717 2713
1292 5055430 1721
1293 5057151 1083
1294 5058234 4045
1295 5062279 3881
1296 5066160 2895
1297 5069055 1295
1298 5070350 3171
1299 5073521 7696
1300 5081217 19079
1301 5100296 2202
1302 5102498 3790
1303 5106288 1652
1304 5107940 4258
1305 5112198 5126
1306 5117324 8859
1307 5126183 3149
1308 5129332 13382
1309 5142714 3750
1310 5146464 190
1311 5146654 6380
1312 5153034 8716
1313 5161750 5773
1314 5167523 2172
1315 5169695 4980
1316 5174675 1219
1317 5175894 3869
1318 5179763 6370
1319 5186133 1670
1320 5187803 3445
1321 5191248 2811
1322 5194059 6298
1323 5200357 5401
1324 5205758 1812
1325 5207570 6760
1326 5214330 3679
1327 5218009 10440
1328 5228449 6986
1329 5235435 4568
1330 5240003 3530
1331 5243533 6458
1332 5249991 9644
1333 5259635 1598
1334 5261233 2783
1335 5264016 2406
1336 5266422 4565
1337 5270987 8719
1338 5279706 1591
1339 5281297 4821
1340 5286118 5313
1341 5291431 1307
1342 5292738 14599
1343 5307337 1099
1344 5308436 1320
1345 5309756 5238
1346 5314994 2505
1347 5317499 3092
1348 5320591 6877
1349 5327468 6209
1350 5333677 9207
1351 5342884 11700
1352 5354584 2076
1353 5356660 6505
1354 5363165 5820
1355 5368985 7711
1356 5376696 192
1357 5376888 228
1358 5377116 253
1359 5377369 180
1360 5377549 214
1361 5377763 192
1362 5377955 237
1363 5378192 5981
1364 5384173 1226
1365 5385399 4938
1366 5390337 9985
1367 5400322 5507
1368 5405829 3040
1369 5408869 1993
1370 5410862 1957
1371 5412819 2320
1372 5415139 1823
1373 5416962 1417
1374 5418379 1497
1375 5419876 1562
1376 5421438 1636
1377 5423074 3458
1378 5426532 2548
1379 5429080 15276
1380 5444356 7971
1381 5452327 3677
1382 5456004 6153
1383 5462157 2553
1384 5464710 3687
1385 5468397 2758
1386 5471155 1381
1387 5472536 178
1388 5472714 1929
1389 5474643 4974
1390 5479617 1399
1391 5481016 1695
1392 5482711 1833
1393 5484544 2873
1394 5487417 8166
1395 5495583 7517
1396 5503100 3488
1397 5506588 9748
1398 5516336 1642
1399 5517978 949
1400 5518927 1652
1401 5520579 4130
1402 5524709 3759
1403 5528468 1022
1404 5529490 15090
1405 5544580 4130
1406 5548710 6507
1407 5555217 3484
1408 5558701 3495
1409 5562196 1213
1410 5563409 4790
1411 5568199 759
1412 5568958 496
1413 5569454 7788
1414 5577242 2856
1415 5580098 3626
1416 5583724 2732
1417 5586456 1210
1418 5587666 990
1419 5588656 2142
1420 5590798 237
1421 5591035 192
1422 5591227 247
1423 5591474 11860
1424 5603334 5354
1425 5608688 5897
1426 5614585 1763
1427 5616348 1047
1428 5617395 22668
1429 5640063 1504
1430 5641567 6618
1431 5648185 6411
1432 5654596 9575
1433 5664171 1627
1434 5665798 3773
1435 5669571 2097
1436 5671668 6357
1437 5678025 3585
1438 5681610 6862
1439 5688472 10184
1440 5698656 2180
1441 5700836 3677
1442 5704513 2338
1443 5706851 3710
1444 5710561 2949
1445 5713510 3776
1446 5717286 1624
1447 5718910 10141
1448 5729051 2146
1449 5731197 4989
1450 5736186 2422
1451 5738608 1516
1452 5740124 7960
1453 5748084 6797
1454 5754881 4455
1455 5759336 9620
1456 5768956 6415
1457 5775371 5740
1458 5781111 2880
1459 5783991 5685
1460 5789676 10453
1461 5800129 4318
1462 5804447 6168
1463 5810615 4642
1464 5815257 2279
1465 5817536 3434
1466 5820970 8909
1467 5829879 1810
1468 5831689 5745
1469 5837434 4052
1470 5841486 4057
1471 5845543 2615
1472 5848158 371
1473 5848529 1860
1474 5850389 7407
1475 5857796 4453
1476 5862249 2433
1477 5864682 1747
1478 5866429 3091
1479 5869520 3530
1480 5873050 2796
1481 5875846 5243
1482 5881089 1180
1483 5882269 1166
1484 5883435 3118
1485 5886553 7625
1486 5894178 7658
1487 5901836 1193
1488 5903029 6040
1489 5909069 1696
1490 5910765 2333
1491 5913098 4842
1492 5917940 1727
1493 5919667 3361
1494 5923028 1931
1495 5924959 1175
1496 5926134 2645
1497 5928779 674
1498 5929453 2804
1499 5932257 5214
1500 5937471 190
1501 5937661 1660
1502 5939321 2838
1503 5942159 4166
1504 5946325 1255
1505 5947580 1115
1506 5948695 1622
1507 5950317 1186
1508 5951503 1666
1509 5953169 828
1510 5953997 869
1511 5954866 3831
1512 5958697 834
1513 5959531 3118
1514 5962649 7849
1515 5970498 2551
1516 5973049 1510
1517 5974559 3165
1518 5977724 1162
1519 5978886 2703
1520 5981589 2355
1521 5983944 1350
1522 5985294 1033
1523 5986327 3676
1524 5990003 3076
1525 5993079 1468
1526 5994547 8357
1527 6002904 1467
1528 6004371 2060
1529 6006431 960
1530 6007391 1670
1531 6009061 1629
1532 6010690 918
1533 6011608 2431
1534 6014039 9650
1535 6023689 3963
1536 6027652 5106
1537 6032758 9791
1538 6042549 1652
1539 6044201 741
1540 6044942 726
1541 6045668 2920
1542 6048588 1870
1543 6050458 2311
1544 6052769 3182
1545 6055951 2892
1546 6058843 2955
1547 6061798 3007
1548 6064805 2437
1549 6067242 2468
1550 6069710 2537
1551 6072247 853
1552 6073100 1595
1553 6074695 5829
1554 6080524 2577
1555 6083101 1287
1556 6084388 2044
1557 6086432 1579
1558 6088011 2897
1559 6090908 5802
1560 6096710 1194
1561 6097904 2821
1562 6100725 1843
1563 6102568 1236
1564 6103804 1120
1565 6104924 1777
1566 6106701 5991
1567 6112692 1801
1568 6114493 3439
1569 6117932 1594
1570 6119526 612
1571 6120138 2703
1572 6122841 898
1573 6123739 5760
1574 6129499 5210
1575 6134709 1612
1576 6136321 763
1577 6137084 792
1578 6137876 2484
1579 6140360 5799
1580 6146159 3738
1581 6149897 3714
1582 6153611 3672
1583 6157283 3767
1584 6161050 3821
1585 6164871 3849
1586 6168720 4053
1587 6172773 3870
1588 6176643 3795
1589 6180438 3819
1590 6184257 3837
1591 6188094 3756
1592 6191850 3795
1593 6195645 3813
1594 6199458 3809
1595 6203267 3856
1596 6207123 3695
1597 6210818 628
1598 6211446 5819
1599 6217265 684
1600 6217949 2804
1601 6220753 2867
1602 6223620 1092
1603 6224712 1275
1604 6225987 7580
1605 6233567 1484
1606 6235051 2296
1607 6237347 2096
1608 6239443 1457
1609 6240900 983
1610 6241883 1702
1611 6243585 2622
1612 6246207 1909
1613 6248116 17040
1614 6265156 1546
1615 6266702 4847
1616 6271549 2108
1617 6273657 2819
1618 6276476 6279
1619 6282755 533
1620 6283288 4033
1621 6287321 2041
1622 6289362 1212
1623 6290574 4658
1624 6295232 853
1625 6296085 2117
1626 6298202 1895
1627 6300097 4182
1628 6304279 4695
1629 6308974 9237
1630 6318211 4130
1631 6322341 2706
1632 6325047 844
1633 6325891 809
1634 6326700 908
1635 6327608 1052
1636 6328660 758
1637 6329418 3226
1638 6332644 763
1639 6333407 6213
1640 6339620 6355
1641 6345975 5733
1642 6351708 10744
1643 6362452 3789
1644 6366241 1580
1645 6367821 2145
1646 6369966 9580
1647 6379546 4308
1648 6383854 6381
1649 6390235 3044
1650 6393279 6094
1651 6399373 6075
1652 6405448 1689
1653 6407137 6468
1654 6413605 3271
1655 6416876 6706
1656 6423582 9030
1657 6432612 1421
1658 6434033 2906
1659 6436939 1771
1660 6438710 3347
1661 6442057 6009
1662 6448066 6789
1663 6454855 6299
1664 6461154 6421
1665 6467575 9696
1666 6477271 9737
1667 6487008 1177
1668 6488185 710
1669 6488895 1143
1670 6490038 3793
1671 6493831 665
1672 6494496 5523
1673 6500019 1388
1674 6501407 2777
1675 6504184 2314
1676 6506498 5524
1677 6512022 12214
1678 6524236 2593
1679 6526829 26082
1680 6552911 3707
1681 6556618 4032
1682 6560650 12427
1683 6573077 4398
1684 6577475 3888
1685 6581363 14648
1686 6596011 12270
1687 6608281 3672
1688 6611953 1633
1689 6613586 9099
1690 6622685 1800
1691 6624485 709
1692 6625194 3228
1693 6628422 2853
1694 6631275 5816
1695 6637091 9615
1696 6646706 4040
1697 6650746 1131
1698 6651877 1782
1699 6653659 5497
1700 6659156 4594
1701 6663750 4540
1702 6668290 4391
1703 6672681 1855
1704 6674536 4367
1705 6678903 3672
1706 6682575 6161
1707 6688736 4188
1708 6692924 1102
1709 6694026 731
1710 6694757 8841
1711 6703598 3951
1712 6707549 7004
1713 6714553 1509
1714 6716062 2475
1715 6718537 1084
1716 6719621 1022
1717 6720643 1013
1718 6721656 5324
1719 6726980 10996
1720 6737976 744
1721 6738720 663
1722 6739383 4015
1723 6743398 10087
1724 6753485 1306
1725 6754791 3107
1726 6757898 849
1727 6758747 680
1728 6759427 624
1729 6760051 985
1730 6761036 723
1731 6761759 1750
1732 6763509 12296
1733 6775805 4324
1734 6780129 11189
1735 6791318 3608
1736 6794926 5130
1737 6800056 7823
1738 6807879 5317
1739 6813196 11006
1740 6824202 1831
1741 6826033 7266
1742 6833299 3687
1743 6836986 7925
1744 6844911 477
1745 6845388 5212
1746 6850600 2493
1747 6853093 3080
1748 6856173 3878
1749 6860051 748
1750 6860799 870
1751 6861669 5671
1752 6867340 1483
1753 6868823 2137
1754 6870960 2617
1755 6873577 3665
1756 6877242 3269
1757 6880511 2085
1758 6882596 4825
1759 6887421 10141
1760 6897562 586
1761 6898148 3163
1762 6901311 3452
1763 6904763 5313
1764 6910076 3762
1765 6913838 6247
1766 6920085 9855
1767 6929940 2074
1768 6932014 1630
1769 6933644 3122
1770 6936766 5579
1771 6942345 3667
1772 6946012 1981
1773 6947993 4393
1774 6952386 1363
1775 6953749 9452
1776 6963201 4575
1777 6967776 2580
1778 6970356 3574
1779 6973930 1802
1780 6975732 1482
1781 6977214 1504
1782 6978718 4715
1783 6983433 2890
1784 6986323 8558
1785 6994881 7774
1786 7002655 5305
1787 7007960 3040
1788 7011000 7123
1789 7018123 1193
1790 7019316 2800
1791 7022116 2587
1792 7024703 1947
1793 7026650 2316
1794 7028966 523
1795 7029489 5880
1796 7035369 516
1797 7035885 2072
1798 7037957 6624
1799 7044581 5879
1800 7050460 2517
1801 7052977 3071
1802 7056048 8938
1803 7064986 3613
1804 7068599 3890
1805 7072489 3037
1806 7075526 8953
1807 7084479 4037
1808 7088516 3390
1809 7091906 3635
1810 7095541 1464
1811 7097005 4479
1812 7101484 1019
1813 7102503 1773
1814 7104276 5593
1815 7109869 2092
1816 7111961 1793
1817 7113754 15851
1818 7129605 5930
1819 7135535 2251
1820 7137786 2615
1821 7140401 5400
1822 7145801 3919
1823 7149720 13768
1824 7163488 3823
1825 7167311 1846
1826 7169157 3636
1827 7172793 6591
1828 7179384 2958
1829 7182342 562
1830 7182904 4687
1831 7187591 4553
1832 7192144 2707
1833 7194851 4740
1834 7199591 2155
1835 7201746 737
1836 7202483 1969
1837 7204452 3134
1838 7207586 2451
1839 7210037 7787
1840 7217824 2664
1841 7220488 2015
1842 7222503 6218
1843 7228721 4246
1844 7232967 4366
1845 7237333 3835
1846 7241168 6888
1847 7248056 3605
1848 7251661 3285
1849 7254946 4625
1850 7259571 5267
1851 7264838 4444
1852 7269282 3420
1853 7272702 4122
1854 7276824 1140
1855 7277964 7948
1856 7285912 4572
1857 7290484 4390
1858 7294874 4375
1859 7299249 4087
1860 7303336 5565
1861 7308901 7799
1862 7316700 2347
1863 7319047 2128
1864 7321175 2951
1865 7324126 2945
1866 7327071 4615
1867 7331686 5430
1868 7337116 3169
1869 7340285 4089
1870 7344374 5461
1871 7349835 4683
1872 7354518 5119
1873 7359637 2491
1874 7362128 2729
1875 7364857 2969
1876 7367826 8263
1877 7376089 1229
1878 7377318 771
1879 7378089 204
1880 7378293 4149
1881 7382442 3345
1882 7385787 1545
1883 7387332 9950
1884 7397282 3069
1885 7400351 8756
1886 7409107 3964
1887 7413071 5246
1888 7418317 4933
1889 7423250 8585
1890 7431835 4798
1891 7436633 3921
1892 7440554 522
1893 7441076 4687
1894 7445763 4395
1895 7450158 3815
1896 7453973 5826
1897 7459799 7218
1898 7467017 6470
1899 7473487 2574
1900 7476061 3361
1901 7479422 968
1902 7480390 22912
1903 7503302 18582
1904 7521884 2584
1905 7524468 8478
1906 7532946 1647
1907 7534593 2395
1908 7536988 7137
1909 7544125 3340
1910 7547465 11015
1911 7558480 2876
1912 7561356 3512
1913 7564868 3223
1914 7568091 4837
1915 7572928 7266
1916 7580194 6904
1917 7587098 6193
1918 7593291 1075
1919 7594366 2786
1920 7597152 3447
1921 7600599 1047
1922 7601646 2438
1923 7604084 1554
1924 7605638 6345
1925 7611983 13626
1926 7625609 2098
1927 7627707 12954
1928 7640661 6471
1929 7647132 2879
1930 7650011 5033
1931 7655044 1964
1932 7657008 9046
1933 7666054 6565
1934 7672619 2481
1935 7675100 6447
1936 7681547 3683
1937 7685230 2002
1938 7687232 3218
1939 7690450 2863
1940 7693313 7579
1941 7700892 412
1942 7701304 514
1943 7701818 11262
1944 7713080 4493
1945 7717573 3678
1946 7721251 9028
1947 7730279 3409
1948 7733688 2053
1949 7735741 2003
1950 7737744 7133
1951 7744877 6466
1952 7751343 3692
1953 7755035 2248
1954 7757283 14971
1955 7772254 6416
1956 7778670 1330
1957 7780000 1977
1958 7781977 2939
1959 7784916 2586
1960 7787502 2138
1961 7789640 1590
1962 7791230 742
1963 7791972 1392
1964 7793364 736
1965 7794100 388
1966 7794488 3989
1967 7798477 3926
1968 7802403 3064
1969 7805467 4166
1970 7809633 7609
1971 7817242 5439
1972 7822681 1357
1973 7824038 5328
1974 7829366 1174
1975 7830540 930
1976 7831470 1860
1977 7833330 2421
1978 7835751 5498
1979 7841249 2512
1980 7843761 8102
1981 7851863 2472
1982 7854335 917
1983 7855252 848
1984 7856100 1644
1985 7857744 2240
1986 7859984 7288
1987 7867272 1642
1988 7868914 4770
1989 7873684 2458
1990 7876142 3639
1991 7879781 2694
1992 7882475 6970
1993 7889445 2305
1994 7891750 3024
1995 7894774 4606
1996 7899380 2524
1997 7901904 2886
1998 7904790 1907
1999 7906697 1276
2000 7907973 4739
2001 7912712 1636
2002 7914348 1005
2003 7915353 1604
2004 7916957 1802
2005 7918759 4611
2006 7923370 1675
2007 7925045 2687
2008 7927732 9351
2009 7937083 1879
2010 7938962 2636
2011 7941598 9092
2012 7950690 3553
2013 7954243 6160
2014 7960403 3371
2015 7963774 2958
2016 7966732 7884
2017 7974616 1736
2018 7976352 2203
2019 7978555 1649
2020 7980204 965
2021 7981169 2390
2022 7983559 1681
2023 7985240 1783
2024 7987023 15081
2025 8002104 7389
2026 8009493 3145
2027 8012638 1677
2028 8014315 1413
2029 8015728 7690
2030 8023418 1994
2031 8025412 2116
2032 8027528 1786
2033 8029314 1688
2034 8031002 2079
2035 8033081 1159
2036 8034240 2137
2037 8036377 999
2038 8037376 5436
2039 8042812 1968
2040 8044780 1498
2041 8046278 1853
2042 8048131 1167
2043 8049298 1174
2044 8050472 6955
2045 8057427 3753
2046 8061180 1019
2047 8062199 2469
2048 8064668 2228
2049 8066896 3219
2050 8070115 2584
2051 8072699 30039
2052 8102738 1093
2053 8103831 1743
2054 8105574 5106
2055 8110680 1247
2056 8111927 1647
2057 8113574 1728
2058 8115302 2407
2059 8117709 1675
2060 8119384 1579
2061 8120963 2636
2062 8123599 3219
2063 8126818 4661
2064 8131479 1781
2065 8133260 952
2066 8134212 1491
2067 8135703 2051
2068 8137754 1525
2069 8139279 1797
2070 8141076 1285
2071 8142361 1904
2072 8144265 1620
2073 8145885 857
2074 8146742 2715
2075 8149457 1872
2076 8151329 6152
2077 8157481 2726
2078 8160207 1401
2079 8161608 1203
2080 8162811 2685
2081 8165496 1454
2082 8166950 2314
2083 8169264 1465
2084 8170729 1337
2085 8172066 2189
2086 8174255 1518
2087 8175773 1713
2088 8177486 5217
2089 8182703 2585
2090 8185288 5607
2091 8190895 1673
2092 8192568 1295
2093 8193863 2968
2094 8196831 1600
2095 8198431 2788
2096 8201219 1292
2097 8202511 859
2098 8203370 1606
2099 8204976 3994
2100 8208970 3235
2101 8212205 2984
2102 8215189 3356
2103 8218545 2711
2104 8221256 1406
2105 8222662 1369
2106 8224031 883
2107 8224914 2164
2108 8227078 1626
2109 8228704 1089
2110 8229793 3323
2111 8233116 3200
2112 8236316 3777
2113 8240093 1753
2114 8241846 4871
2115 8246717 3863
2116 8250580 1766
2117 8252346 1784
2118 8254130 968
2119 8255098 1269
2120 8256367 984
2121 8257351 1161
2122 8258512 5085
2123 8263597 2280
2124 8265877 1854
2125 8267731 1128
2126 8268859 1291
2127 8270150 1237
2128 8271387 4182
2129 8275569 1505
2130 8277074 2688
2131 8279762 2140
2132 8281902 1098
2133 8283000 1833
2134 8284833 4998
2135 8289831 2337
2136 8292168 1950
2137 8294118 1556
2138 8295674 2555
2139 8298229 2002
2140 8300231 3747
2141 8303978 937
2142 8304915 1202
2143 8306117 1921
2144 8308038 1433
2145 8309471 3806
2146 8313277 5713
2147 8318990 2235
2148 8321225 2897
2149 8324122 1499
2150 8325621 5745
2151 8331366 2653
2152 8334019 1282
2153 8335301 1260
2154 8336561 1329
2155 8337890 7950
2156 8345840 1707
2157 8347547 2825
2158 8350372 1237
2159 8351609 1425
2160 8353034 5119
2161 8358153 3036
2162 8361189 1291
2163 8362480 2783
2164 8365263 1438
2165 8366701 924
2166 8367625 2770
2167 8370395 1489
2168 8371884 902
2169 8372786 2995
2170 8375781 1217
2171 8376998 8774
2172 8385772 2603
2173 8388375 1619
2174 8389994 2229
2175 8392223 1985
2176 8394208 6248
2177 8400456 2073
2178 8402529 1561
2179 8404090 3142
2180 8407232 4054
2181 8411286 2678
2182 8413964 2877
2183 8416841 1031
2184 8417872 1413
2185 8419285 5500
2186 8424785 1641
2187 8426426 3613
2188 8430039 2075
2189 8432114 5803
2190 8437917 6775
2191 8444692 1215
2192 8445907 1514
2193 8447421 351
2194 8447772 2193
2195 8449965 1736
2196 8451701 2940
2197 8454641 1214
2198 8455855 1954
2199 8457809 916
2200 8458725 1862
2201 8460587 2961
2202 8463548 6880
2203 8470428 2655
2204 8473083 1557
2205 8474640 1762
2206 8476402 1699
2207 8478101 954
2208 8479055 8953
2209 8488008 5604
2210 8493612 5662
2211 8499274 5479
2212 8504753 6736
2213 8511489 2067
2214 8513556 19450
2215 8533006 7674
2216 8540680 1813
2217 8542493 1231
2218 8543724 3029
2219 8546753 1851
2220 8548604 2686
2221 8551290 4168
2222 8555458 1406
2223 8556864 588
2224 8557452 6565
2225 8564017 2409
2226 8566426 1822
2227 8568248 3340
2228 8571588 1882
2229 8573470 13752
2230 8587222 535
2231 8587757 1633
2232 8589390 3024
2233 8592414 2361
2234 8594775 2825
2235 8597600 18367
2236 8615967 3230
2237 8619197 3733
2238 8622930 4246
2239 8627176 3603
2240 8630779 14603
2241 8645382 3050
2242 8648432 4818
2243 8653250 4101
2244 8657351 2619
2245 8659970 2722
2246 8662692 3568
2247 8666260 3466
2248 8669726 19793
2249 8689519 3996
2250 8693515 1250
2251 8694765 4170
2252 8698935 3672
2253 8702607 5345
2254 8707952 4317
2255 8712269 3791
2256 8716060 4369
2257 8720429 3066
2258 8723495 1686
2259 8725181 4301
2260 8729482 3733
2261 8733215 3175
2262 8736390 3994
2263 8740384 4156
2264 8744540 3540
2265 8748080 3640
2266 8751720 3802
2267 8755522 4001
2268 8759523 3468
2269 8762991 4307
2270 8767298 10508
2271 8777806 3760
2272 8781566 4716
2273 8786282 3500
2274 8789782 4018
2275 8793800 4773
2276 8798573 4182
2277 8802755 3948
2278 8806703 3475
2279 8810178 2842
2280 8813020 3087
2281 8816107 3129
2282 8819236 4058
2283 8823294 3264
2284 8826558 19353
2285 8845911 4351
2286 8850262 3404
2287 8853666 1550
2288 8855216 3450
2289 8858666 3512
2290 8862178 19538
2291 8881716 4670
2292 8886386 1507
2293 8887893 3410
2294 8891303 4845
2295 8896148 4143
2296 8900291 3339
2297 8903630 1223
2298 8904853 3450
2299 8908303 5442
2300 8913745 3772
2301 8917517 5062
2302 8922579 3168
2303 8925747 3286
2304 8929033 3635
2305 8932668 3727
2306 8936395 3477
2307 8939872 2733
2308 8942605 3235
2309 8945840 3643
2310 8949483 3192
2311 8952675 3547
2312 8956222 18936
2313 8975158 4513
2314 8979671 3778
2315 8983449 3618
2316 8987067 1591
2317 8988658 4326
2318 8992984 1235
2319 8994219 929
2320 8995148 2957
2321 8998105 4068
2322 9002173 3546
2323 9005719 2845
2324 9008564 3525
2325 9012089 2609
2326 9014698 1106
2327 9015804 4219
2328 9020023 19811
2329 9039834 3824
2330 9043658 4819
2331 9048477 3326
2332 9051803 4812
2333 9056615 3312
2334 9059927 3272
2335 9063199 3644
2336 9066843 7398
2337 9074241 1291
2338 9075532 1069
2339 9076601 9071
2340 9085672 11260
2341 9096932 9245
2342 9106177 16000
2343 9122177 8747
2344 9130924 8439
2345 9139363 7374
2346 9146737 11285
2347 9158022 19498
2348 9177520 13548
2349 9191068 5476
2350 9196544 484
2351 9197028 824
2352 9197852 3188
2353 9201040 7334
2354 9208374 531
2355 9208905 1529
2356 9210434 3451
2357 9213885 2095
2358 9215980 9161
2359 9225141 8015
2360 9233156 8558
2361 9241714 4683
2362 9246397 2681
2363 9249078 4075
2364 9253153 5072
2365 9258225 7144
2366 9265369 3399
2367 9268768 2826
2368 9271594 671
2369 9272265 1044
2370 9273309 1632
2371 9274941 6670
2372 9281611 1340
2373 9282951 11443
2374 9294394 6340
2375 9300734 4431
2376 9305165 25798
2377 9330963 3742
2378 9334705 5135
2379 9339840 8398
2380 9348238 9765
2381 9358003 4625
2382 9362628 6365
2383 9368993 9591
2384 9378584 12839
2385 9391423 4684
2386 9396107 10952
2387 9407059 6266
2388 9413325 5103
2389 9418428 1749
2390 9420177 3808
2391 9423985 4759
2392 9428744 3702
2393 9432446 10710
2394 9443156 9908
2395 9453064 6842
2396 9459906 6103
2397 9466009 6581
2398 9472590 5799
2399 9478389 4092
2400 9482481 3901
2401 9486382 3497
2402 9489879 3836
2403 9493715 3326
2404 9497041 12270
2405 9509311 12837
2406 9522148 4223
2407 9526371 2855
2408 9529226 5566
2409 9534792 15912
2410 9550704 4287
2411 9554991 711
2412 9555702 1196
2413 9556898 4404
2414 9561302 4378
2415 9565680 2083
2416 9567763 13032
2417 9580795 6701
2418 9587496 8828
2419 9596324 7741
2420 9604065 10692
2421 9614757 208
2422 9614965 6999
2423 9621964 8942
2424 9630906 2336
2425 9633242 8158
2426 9641400 8290
2427 9649690 3891
2428 9653581 5751
2429 9659332 10262
2430 9669594 2541
2431 9672135 13738
2432 9685873 4681
2433 9690554 523
2434 9691077 1527
2435 9692604 3082
2436 9695686 2693
2437 9698379 725
2438 9699104 5950
2439 9705054 3326
2440 9708380 8943
2441 9717323 4015
2442 9721338 2041
2443 9723379 3422
2444 9726801 7588
2445 9734389 2632
2446 9737021 2729
2447 9739750 9660
2448 9749410 19337
2449 9768747 3108
2450 9771855 2745
2451 9774600 5368
2452 9779968 2253
2453 9782221 4259
2454 9786480 6588
2455 9793068 962
2456 9794030 4881
2457 9798911 8280
2458 9807191 5347
2459 9812538 6678
2460 9819216 922
2461 9820138 3787
2462 9823925 2951
2463 9826876 3586
2464 9830462 2542
2465 9833004 3702
2466 9836706 4688
2467 9841394 9632
2468 9851026 9639
2469 9860665 11531
2470 9872196 2155
2471 9874351 4798
2472 9879149 3020
2473 9882169 1650
2474 9883819 5788
2475 9889607 2033
2476 9891640 1925
2477 9893565 8394
2478 9901959 8797
2479 9910756 2760
2480 9913516 4495
2481 9918011 3150
2482 9921161 1946
2483 9923107 10651
2484 9933758 6284
2485 9940042 4885
2486 9944927 5308
2487 9950235 1322
2488 9951557 1858
2489 9953415 3607
2490 9957022 198
2491 9957220 3706
2492 9960926 2535
2493 9963461 7690
2494 9971151 7007
2495 9978158 6490
2496 9984648 8804
2497 9993452 3155
2498 9996607 2815
2499 9999422 1848
2500 10001270 7065
2501 10008335 3416
2502 10011751 2655
2503 10014406 1167
2504 10015573 11641
2505 10027214 10845
2506 10038059 9906
2507 10047965 6941
2508 10054906 8941
2509 10063847 2297
2510 10066144 524
2511 10066668 2779
2512 10069447 627
2513 10070074 6377
2514 10076451 4304
2515 10080755 2326
2516 10083081 9197
2517 10092278 6525
2518 10098803 1566
2519 10100369 7418
2520 10107787 2737
2521 10110524 7688
2522 10118212 4479
2523 10122691 2944
2524 10125635 6314
2525 10131949 9258
2526 10141207 2978
2527 10144185 4390
2528 10148575 3902
2529 10152477 1720
2530 10154197 6522
2531 10160719 5479
2532 10166198 5238
2533 10171436 8034
2534 10179470 1842
2535 10181312 2824
2536 10184136 3757
2537 10187893 2425
2538 10190318 2050
2539 10192368 2520
2540 10194888 3446
2541 10198334 2472
2542 10200806 2527
2543 10203333 20276
2544 10223609 8407
2545 10232016 4380
2546 10236396 4484
2547 10240880 4153
2548 10245033 1543
2549 10246576 4495
2550 10251071 1373
2551 10252444 1191
2552 10253635 1489
2553 10255124 7437
2554 10262561 2189
2555 10264750 18036
2556 10282786 8889
2557 10291675 5686
2558 10297361 4034
2559 10301395 3571
2560 10304966 2063
2561 10307029 16383
2562 10323412 4470
2563 10327882 1163
2564 10329045 1937
2565 10330982 1363
2566 10332345 8186
2567 10340531 5182
2568 10345713 6854
2569 10352567 1939
2570 10354506 8215
2571 10362721 7572
2572 10370293 8516
2573 10378809 4988
2574 10383797 6755
2575 10390552 15102
2576 10405654 7552
2577 10413206 5092
2578 10418298 1380
2579 10419678 1581
2580 10421259 2163
2581 10423422 1357
2582 10424779 828
2583 10425607 6382
2584 10431989 2143
2585 10434132 8308
2586 10442440 4234
2587 10446674 1887
2588 10448561 5248
2589 10453809 5480
2590 10459289 9127
2591 10468416 4703
2592 10473119 9536
2593 10482655 3783
2594 10486438 1084
2595 10487522 1436
2596 10488958 1369
2597 10490327 9090
2598 10499417 307
2599 10499724 1739
2600 10501463 779
2601 10502242 1466
2602 10503708 12564
2603 10516272 8044
2604 10524316 4089
2605 10528405 5011
2606 10533416 4474
2607 10537890 8951
2608 10546841 2228
2609 10549069 5375
2610 10554444 2936
2611 10557380 3121
2612 10560501 1692
2613 10562193 8102
2614 10570295 3700
2615 10573995 14182
2616 10588177 3293
2617 10591470 3887
2618 10595357 4323
2619 10599680 11603
2620 10611283 940
2621 10612223 8014
2622 10620237 6276
2623 10626513 792
2624 10627305 5692
2625 10632997 15710
2626 10648707 926
2627 10649633 6075
2628 10655708 687
2629 10656395 5271
2630 10661666 8072
2631 10669738 1451
2632 10671189 4373
2633 10675562 711
2634 10676273 8923
2635 10685196 1370
2636 10686566 1591
2637 10688157 3079
2638 10691236 1180
2639 10692416 585
2640 10693001 1571
2641 10694572 1642
2642 10696214 1568
2643 10697782 8822
2644 10706604 7785
2645 10714389 4437
2646 10718826 2928
2647 10721754 611
2648 10722365 7693
2649 10730058 4051
2650 10734109 12558
2651 10746667 4932
2652 10751599 2531
2653 10754130 3907
2654 10758037 16211
2655 10774248 6317
2656 10780565 2628
2657 10783193 307
2658 10783500 2357
2659 10785857 3864
2660 10789721 2826
2661 10792547 13569
2662 10806116 7940
2663 10814056 1917
2664 10815973 2788
2665 10818761 1939
2666 10820700 1857
2667 10822557 3479
2668 10826036 2224
2669 10828260 3066
2670 10831326 1999
2671 10833325 1837
2672 10835162 2199
2673 10837361 2945
2674 10840306 2865
2675 10843171 1938
2676 10845109 2223
2677 10847332 2198
2678 10849530 1836
2679 10851366 1998
2680 10853364 2612
2681 10855976 3329
2682 10859305 2176
2683 10861481 1919
2684 10863400 1782
2685 10865182 2094
2686 10867276 4510
2687 10871786 3906
2688 10875692 3808
2689 10879500 3015
2690 10882515 2460
2691 10884975 2575
2692 10887550 2340
2693 10889890 2381
2694 10892271 4510
2695 10896781 322
2696 10897103 5873
2697 10902976 3906
2698 10906882 9962
2699 10916844 2816
2700 10919660 968
2701 10920628 4432
2702 10925060 7180
2703 10932240 307
2704 10932547 3207
2705 10935754 2680
2706 10938434 2387
2707 10940821 2606
2708 10943427 3577
2709 10947004 4362
2710 10951366 2619
2711 10953985 5000
2712 10958985 2758
2713 10961743 8236
2714 10969979 2761
2715 10972740 6296
2716 10979036 2455
2717 10981491 1228
2718 10982719 17849
2719 11000568 9882
2720 11010450 2969
2721 11013419 3252
2722 11016671 5896
2723 11022567 3491
2724 11026058 1950
2725 11028008 3088
2726 11031096 4503
2727 11035599 4384
2728 11039983 3728
2729 11043711 3000
2730 11046711 24584
2731 11071295 11341
2732 11082636 16333
2733 11098969 30736
2734 11129705 3794
2735 11133499 10172
2736 11143671 7892
2737 11151563 9496
2738 11161059 12478
2739 11173537 16587
2740 11190124 9512
2741 11199636 14344
2742 11213980 13182
2743 11227162 8510
2744 11235672 21319
2745 11256991 13411
2746 11270402 45131
2747 11315533 23131
2748 11338664 22167
2749 11360831 8979
2750 11369810 3336
2751 11373146 3687
2752 11376833 6353
2753 11383186 1484
2754 11384670 2681
2755 11387351 2090
2756 11389441 3105
2757 11392546 1599
2758 11394145 8511
2759 11402656 3500
2760 11406156 3387
2761 11409543 1362
2762 11410905 7912
2763 11418817 8196
2764 11427013 8633
2765 11435646 5682
2766 11441328 7415
2767 11448743 7078
2768 11455821 5487
2769 11461308 1791
2770 11463099 6420
2771 11469519 9032
2772 11478551 3860
2773 11482411 4589
2774 11487000 2723
2775 11489723 2393
2776 11492116 3857
2777 11495973 4805
2778 11500778 4258
2779 11505036 3243
2780 11508279 7048
2781 11515327 8571
2782 11523898 8484
2783 11532382 2792
2784 11535174 641
2785 11535815 4185
2786 11540000 8131
2787 11548131 8332
2788 11556463 5403
2789 11561866 2408
2790 11564274 7593
2791 11571867 6637
2792 11578504 3457
2793 11581961 2894
2794 11584855 1054
2795 11585909 3048
2796 11588957 10595
2797 11599552 7558
2798 11607110 7611
2799 11614721 1035
2800 11615756 2963
2801 11618719 1788
2802 11620507 8022
2803 11628529 6936
2804 11635465 4056
2805 11639521 1026
2806 11640547 9574
2807 11650121 9625
2808 11659746 2700
2809 11662446 3788
2810 11666234 5685
2811 11671919 14777
2812 11686696 3039
2813 11689735 4450
2814 11694185 7886
2815 11702071 6493
2816 11708564 2501
2817 11711065 3860
2818 11714925 3795
2819 11718720 1853
2820 11720573 3380
2821 11723953 5072
2822 11729025 2234
2823 11731259 1100
2824 11732359 1357
2825 11733716 3989
2826 11737705 984
2827 11738689 3480
2828 11742169 3294
2829 11745463 3669
2830 11749132 3270
2831 11752402 2458
2832 11754860 980
2833 11755840 1255
2834 11757095 8060
2835 11765155 7006
2836 11772161 4477
2837 11776638 7291
2838 11783929 989
2839 11784918 3323
2840 11788241 9064
2841 11797305 2141
2842 11799446 6289
2843 11805735 6280
2844 11812015 1136
2845 11813151 824
2846 11813975 6794
2847 11820769 3575
2848 11824344 2674
2849 11827018 1017
2850 11828035 662
2851 11828697 653
2852 11829350 676
2853 11830026 657
2854 11830683 696
2855 11831379 674
2856 11832053 685
2857 11832738 631
2858 11833369 626
2859 11833995 649
2860 11834644 634
2861 11835278 712
2862 11835990 680
2863 11836670 658
2864 11837328 626
2865 11837954 669
2866 11838623 622
2867 11839245 654
2868 11839899 639
2869 11840538 627
2870 11841165 647
2871 11841812 640
2872 11842452 650
2873 11843102 644
2874 11843746 662
2875 11844408 696
2876 11845104 646
2877 11845750 679
2878 11846429 659
2879 11847088 655
2880 11847743 674
2881 11848417 656
2882 11849073 662
2883 11849735 694
2884 11850429 649
2885 11851078 682
2886 11851760 691
2887 11852451 668
2888 11853119 692
2889 11853811 653
2890 11854464 669
2891 11855133 701
2892 11855834 681
2893 11856515 657
2894 11857172 632
2895 11857804 665
2896 11858469 645
2897 11859114 655
2898 11859769 632
2899 11860401 659
2900 11861060 647
2901 11861707 645
2902 11862352 647
2903 11862999 641
2904 11863640 653
2905 11864293 695
2906 11864988 651
2907 11865639 681
2908 11866320 661
2909 11866981 626
2910 11867607 664
2911 11868271 657
2912 11868928 677
2913 11869605 659
2914 11870264 696
2915 11870960 631
2916 11871591 650
2917 11872241 682
2918 11872923 657
2919 11873580 664
2920 11874244 656
2921 11874900 659
2922 11875559 677
2923 11876236 696
2924 11876932 650
2925 11877582 680
2926 11878262 645
2927 11878907 708
2928 11879615 662
2929 11880277 637
2930 11880914 666
2931 11881580 649
2932 11882229 660
2933 11882889 648
2934 11883537 635
2935 11884172 648
2936 11884820 643
2937 11885463 660
2938 11886123 644
2939 11886767 698
2940 11887465 671
2941 11888136 652
2942 11888788 681
2943 11889469 649
2944 11890118 652
2945 11890770 657
2946 11891427 657
2947 11892084 655
2948 11892739 677
2949 11893416 658
2950 11894074 695
2951 11894769 651
2952 11895420 682
2953 11896102 690
2954 11896792 657
2955 11897449 633
2956 11898082 659
2957 11898741 657
2958 11899398 676
2959 11900074 664
2960 11900738 696
2961 11901434 651
2962 11902085 655
2963 11902740 649
2964 11903389 706
2965 11904095 681
2966 11904776 648
2967 11905424 660
2968 11906084 660
2969 11906744 635
2970 11907379 652
2971 11908031 647
2972 11908678 651
2973 11909329 639
2974 11909968 654
2975 11910622 648
2976 11911270 652
2977 11911922 650
2978 11912572 667
2979 11913239 696
2980 11913935 621
2981 11914556 679
2982 11915235 651
2983 11915886 681
2984 11916567 657
2985 11917224 692
2986 11917916 678
2987 11918594 661
2988 11919255 656
2989 11919911 693
2990 11920604 651
2991 11921255 707
2992 11921962 631
2993 11922593 640
2994 11923233 679
2995 11923912 660
2996 11924572 659
2997 11925231 667
2998 11925898 696
2999 11926594 658
3000 11927252 676
3001 11927928 688
3002 11928616 655
3003 11929271 665
3004 11929936 652
3005 11930588 703
3006 11931291 707
3007 11931998 655
3008 11932653 681
3009 11933334 652
3010 11933986 641
3011 11934627 645
3012 11935272 649
3013 11935921 646
3014 11936567 678
3015 11937245 658
3016 11937903 635
3017 11938538 637
3018 11939175 637
3019 11939812 649
3020 11940461 648
3021 11941109 677
3022 11941786 667
3023 11942453 688
3024 11943141 650
3025 11943791 691
3026 11944482 680
3027 11945162 654
3028 11945816 679
3029 11946495 671
3030 11947166 683
3031 11947849 667
3032 11948516 666
3033 11949182 691
3034 11949873 647
3035 11950520 193
3036 11950713 176
3037 11950889 680
3038 11951569 663
3039 11952232 691
3040 11952923 699
3041 11953622 652
3042 11954274 657
3043 11954931 680
3044 11955611 644
3045 11956255 650
3046 11956905 645
3047 11957550 644
3048 11958194 686
3049 11958880 643
3050 11959523 657
3051 11960180 643
3052 11960823 626
3053 11961449 645
3054 11962094 649
3055 11962743 634
3056 11963377 647
3057 11964024 644
3058 11964668 662
3059 11965330 642
3060 11965972 651
3061 11966623 687
3062 11967310 692
3063 11968002 707
3064 11968709 681
3065 11969390 647
3066 11970037 657
3067 11970694 678
3068 11971372 641
3069 11972013 680
3070 11972693 637
3071 11973330 653
3072 11973983 665
3073 11974648 650
3074 11975298 663
3075 11975961 687
3076 11976648 647
3077 11977295 640
3078 11977935 680
3079 11978615 650
3080 11979265 665
3081 11979930 642
3082 11980572 687
3083 11981259 651
3084 11981910 668
3085 11982578 653
3086 11983231 663
3087 11983894 701
3088 11984595 696
3089 11985291 707
3090 11985998 649
3091 11986647 721
3092 11987368 678
3093 11988046 647
3094 11988693 652
3095 11989345 641
3096 11989986 672
3097 11990658 631
3098 11991289 637
3099 11991926 660
3100 11992586 640
3101 11993226 658
3102 11993884 645
3103 11994529 672
3104 11995201 636
3105 11995837 686
3106 11996523 670
3107 11997193 649
3108 11997842 679
3109 11998521 645
3110 11999166 651
3111 11999817 686
3112 12000503 673
3113 12001176 651
3114 12001827 652
3115 12002479 664
3116 12003143 648
3117 12003791 679
3118 12004470 683
3119 12005153 645
3120 12005798 637
3121 12006435 689
3122 12007124 656
3123 12007780 649
3124 12008429 674
3125 12009103 664
3126 12009767 642
3127 12010409 680
3128 12011089 719
3129 12011808 679
3130 12012487 651
3131 12013138 698
3132 12013836 697
3133 12014533 690
3134 12015223 706
3135 12015929 709
3136 12016638 683
3137 12017321 678
3138 12017999 679
3139 12018678 696
3140 12019374 681
3141 12020055 666
3142 12020721 689
3143 12021410 631
3144 12022041 642
3145 12022683 679
3146 12023362 652
3147 12024014 689
3148 12024703 652
3149 12025355 674
3150 12026029 653
3151 12026682 661
3152 12027343 640
3153 12027983 681
3154 12028664 666
3155 12029330 626
3156 12029956 690
3157 12030646 656
3158 12031302 655
3159 12031957 679
3160 12032636 661
3161 12033297 692
3162 12033989 643
3163 12034632 728
3164 12035360 727
3165 12036087 718
3166 12036805 679
3167 12037484 663
3168 12038147 630
3169 12038777 639
3170 12039416 643
3171 12040059 650
3172 12040709 624
3173 12041333 670
3174 12042003 618
3175 12042621 628
3176 12043249 652
3177 12043901 631
3178 12044532 667
3179 12045199 691
3180 12045890 642
3181 12046532 679
3182 12047211 203
3183 12047414 665
3184 12048079 683
3185 12048762 689
3186 12049451 672
3187 12050123 655
3188 12050778 679
3189 12051457 656
3190 12052113 666
3191 12052779 642
3192 12053421 670
3193 12054091 681
3194 12054772 690
3195 12055462 642
3196 12056104 677
3197 12056781 679
3198 12057460 644
3199 12058104 709
3200 12058813 675
3201 12059488 631
3202 12060119 656
3203 12060775 645
3204 12061420 643
3205 12062063 640
3206 12062703 618
3207 12063321 641
3208 12063962 635
3209 12064597 641
3210 12065238 644
3211 12065882 639
3212 12066521 650
3213 12067171 688
3214 12067859 652
3215 12068511 677
3216 12069188 632
3217 12069820 660
3218 12070480 646
3219 12071126 710
3220 12071836 688
3221 12072524 681
3222 12073205 687
3223 12073892 652
3224 12074544 654
3225 12075198 646
3226 12075844 669
3227 12076513 640
3228 12077153 654
3229 12077807 652
3230 12078459 680
3231 12079139 649
3232 12079788 672
3233 12080460 690
3234 12081150 687
3235 12081837 665
3236 12082502 657
3237 12083159 667
3238 12083826 652
3239 12084478 680
3240 12085158 654
3241 12085812 662
3242 12086474 647
3243 12087121 639
3244 12087760 634
3245 12088394 643
3246 12089037 627
3247 12089664 643
3248 12090307 660
3249 12090967 643
3250 12091610 639
3251 12092249 688
3252 12092937 671
3253 12093608 651
3254 12094259 687
3255 12094946 679
3256 12095625 653
3257 12096278 689
3258 12096967 656
3259 12097623 657
3260 12098280 684
3261 12098964 670
3262 12099634 651
3263 12100285 679
3264 12100964 676
3265 12101640 652
3266 12102292 689
3267 12102981 666
3268 12103647 678
3269 12104325 633
3270 12104958 638
3271 12105596 630
3272 12106226 690
3273 12106916 684
3274 12107600 659
3275 12108259 659
3276 12108918 669
3277 12109587 651
3278 12110238 680
3279 12110918 657
3280 12111575 640
3281 12112215 646
3282 12112861 641
3283 12113502 633
3284 12114135 647
3285 12114782 636
3286 12115418 656
3287 12116074 621
3288 12116695 634
3289 12117329 649
3290 12117978 645
3291 12118623 690
3292 12119313 671
3293 12119984 675
3294 12120659 644
3295 12121303 658
3296 12121961 680
3297 12122641 637
3298 12123278 651
3299 12123929 652
3300 12124581 630
3301 12125211 634
3302 12125845 690
3303 12126535 653
3304 12127188 684
3305 12127872 651
3306 12128523 666
3307 12129189 644
3308 12129833 624
3309 12130457 680
3310 12131137 651
3311 12131788 690
3312 12132478 680
3313 12133158 652
3314 12133810 683
3315 12134493 652
3316 12135145 660
3317 12135805 644
3318 12136449 680
3319 12137129 632
3320 12137761 640
3321 12138401 659
3322 12139060 662
3323 12139722 635
3324 12140357 633
3325 12140990 684
3326 12141674 661
3327 12142335 634
3328 12142969 632
3329 12143601 690
3330 12144291 624
3331 12144915 666
3332 12145581 703
3333 12146284 662
3334 12146946 630
3335 12147576 637
3336 12148213 632
3337 12148845 642
3338 12149487 620
3339 12150107 644
3340 12150751 627
3341 12151378 626
3342 12152004 653
3343 12152657 635
3344 12153292 679
3345 12153971 651
3346 12154622 689
3347 12155311 618
3348 12155929 661
3349 12156590 647
3350 12157237 1476
3351 12158713 3261
3352 12161974 1200
3353 12163174 1776
3354 12164950 4553
3355 12169503 1079
3356 12170582 4220
3357 12174802 1823
3358 12176625 2145
3359 12178770 209
3360 12178979 4955
3361 12183934 2629
3362 12186563 2599
3363 12189162 359
3364 12189521 1525
3365 12191046 1498
3366 12192544 2187
3367 12194731 1491
3368 12196222 1079
3369 12197301 2665
3370 12199966 1013
3371 12200979 327
3372 12201306 4575
3373 12205881 1282
3374 12207163 891
3375 12208054 3916
3376 12211970 1338
3377 12213308 3126
3378 12216434 2621
3379 12219055 534
3380 12219589 1287
3381 12220876 1236
3382 12222112 2496
3383 12224608 1195
3384 12225803 8147
3385 12233950 1333
3386 12235283 7413
3387 12242696 3866
3388 12246562 3713
3389 12250275 7007
3390 12257282 4920
3391 12262202 1658
3392 12263860 1592
3393 12265452 2035
3394 12267487 1340
3395 12268827 504
3396 12269331 1353
3397 12270684 2295
3398 12272979 4490
3399 12277469 1536
3400 12279005 11556
3401 12290561 2051
3402 12292612 814
3403 12293426 916
3404 12294342 1057
3405 12295399 1822
3406 12297221 713
3407 12297934 11569
3408 12309503 1780
3409 12311283 2962
3410 12314245 3743
3411 12317988 947
3412 12318935 2207
3413 12321142 1226
3414 12322368 4760
3415 12327128 308
3416 12327436 7053
3417 12334489 1040
3418 12335529 1779
3419 12337308 2564
3420 12339872 1482
3421 12341354 1243
3422 12342597 6677
3423 12349274 3537
3424 12352811 1004
3425 12353815 3532
3426 12357347 1650
3427 12358997 2993
3428 12361990 1317
3429 12363307 506
3430 12363813 773
3431 12364586 4834
3432 12369420 1231
3433 12370651 6444
3434 12377095 2689
3435 12379784 441
3436 12380225 4240
3437 12384465 518
3438 12384983 1484
3439 12386467 2123
3440 12388590 2793
3441 12391383 3173
3442 12394556 1373
3443 12395929 1531
3444 12397460 1133
3445 12398593 1448
3446 12400041 2347
3447 12402388 588
3448 12402976 201
3449 12403177 163
3450 12403340 191
3451 12403531 163
3452 12403694 608
3453 12404302 642
3454 12404944 615
3455 12405559 660
3456 12406219 642
3457 12406861 618
3458 12407479 176
3459 12407655 588
3460 12408243 611
3461 12408854 674
3462 12409528 217
3463 12409745 163
3464 12409908 645
3465 12410553 157
3466 12410710 655
3467 12411365 625
3468 12411990 620
3469 12412610 623
3470 12413233 623
3471 12413856 623
3472 12414479 620
3473 12415099 614
3474 12415713 625
3475 12416338 629
3476 12416967 178
3477 12417145 641
3478 12417786 624
3479 12418410 611
3480 12419021 166
3481 12419187 617
3482 12419804 206
3483 12420010 670
3484 12420680 207
3485 12420887 613
3486 12421500 356
3487 12421856 178
3488 12422034 658
3489 12422692 643
3490 12423335 559
3491 12423894 626
3492 12424520 669
3493 12425189 622
3494 12425811 654
3495 12426465 639
3496 12427104 627
3497 12427731 647
3498 12428378 640
3499 12429018 650
3500 12429668 644
3501 12430312 203
3502 12430515 623
3503 12431138 621
3504 12431759 608
3505 12432367 642
3506 12433009 615
3507 12433624 663
3508 12434287 620
3509 12434907 616
3510 12435523 207
3511 12435730 541
3512 12436271 611
3513 12436882 197
3514 12437079 641
3515 12437720 626
3516 12438346 611
3517 12438957 212
3518 12439169 612
3519 12439781 165
3520 12439946 659
3521 12440605 611
3522 12441216 165
3523 12441381 183
3524 12441564 176
3525 12441740 203
3526 12441943 617
3527 12442560 645
3528 12443205 615
3529 12443820 658
3530 12444478 654
3531 12445132 621
3532 12445753 208
3533 12445961 541
3534 12446502 611
3535 12447113 194
3536 12447307 280
3537 12447587 297
3538 12447884 177
3539 12448061 641
3540 12448702 624
3541 12449326 203
3542 12449529 274
3543 12449803 296
3544 12450099 652
3545 12450751 165
3546 12450916 254
3547 12451170 611
3548 12451781 185
3549 12451966 619
3550 12452585 228
3551 12452813 646
3552 12453459 668
3553 12454127 620
3554 12454747 626
3555 12455373 621
3556 12455994 625
3557 12456619 174
3558 12456793 541
3559 12457334 645
3560 12457979 205
3561 12458184 187
3562 12458371 644
3563 12459015 623
3564 12459638 645
3565 12460283 197
3566 12460480 641
3567 12461121 179
3568 12461300 619
3569 12461919 183
3570 12462102 616
3571 12462718 645
3572 12463363 632
3573 12463995 665
3574 12464660 645
3575 12465305 655
3576 12465960 632
3577 12466592 659
3578 12467251 647
3579 12467898 645
3580 12468543 647
3581 12469190 641
3582 12469831 621
3583 12470452 191
3584 12470643 618
3585 12471261 607
3586 12471868 611
3587 12472479 614
3588 12473093 622
3589 12473715 630
3590 12474345 622
3591 12474967 645
3592 12475612 178
3593 12475790 587
3594 12476377 643
3595 12477020 185
3596 12477205 628
3597 12477833 610
3598 12478443 624
3599 12479067 645
3600 12479712 622
3601 12480334 624
3602 12480958 621
3603 12481579 207
3604 12481786 621
3605 12482407 652
3606 12483059 163
3607 12483222 630
3608 12483852 645
3609 12484497 653
3610 12485150 653
3611 12485803 164
3612 12485967 611
3613 12486578 202
3614 12486780 176
3615 12486956 182
3616 12487138 176
3617 12487314 604
3618 12487918 615
3619 12488533 622
3620 12489155 630
3621 12489785 623
3622 12490408 626
3623 12491034 177
3624 12491211 587
3625 12491798 645
3626 12492443 164
3627 12492607 614
3628 12493221 179
3629 12493400 625
3630 12494025 611
3631 12494636 645
3632 12495281 207
3633 12495488 618
3634 12496106 175
3635 12496281 628
3636 12496909 645
3637 12497554 202
3638 12497756 176
3639 12497932 157
3640 12498089 176
3641 12498265 605
3642 12498870 615
3643 12499485 623
3644 12500108 632
3645 12500740 624
3646 12501364 621
3647 12501985 177
3648 12502162 589
3649 12502751 643
3650 12503394 200
3651 12503594 627
3652 12504221 609
3653 12504830 645
3654 12505475 269
3655 12505744 619
3656 12506363 164
3657 12506527 628
3658 12507155 204
3659 12507359 693
3660 12508052 157
3661 12508209 630
3662 12508839 644
3663 12509483 179
3664 12509662 197
3665 12509859 179
3666 12510038 191
3667 12510229 179
3668 12510408 173
3669 12510581 179
3670 12510760 176
3671 12510936 191
3672 12511127 185
3673 12511312 606
3674 12511918 176
3675 12512094 586
3676 12512680 206
3677 12512886 622
3678 12513508 622
3679 12514130 608
3680 12514738 616
3681 12515354 623
3682 12515977 630
3683 12516607 623
3684 12517230 619
3685 12517849 174
3686 12518023 626
3687 12518649 611
3688 12519260 644
3689 12519904 644
3690 12520548 206
3691 12520754 616
3692 12521370 616
3693 12521986 184
3694 12522170 178
3695 12522348 158
3696 12522506 632
3697 12523138 644
3698 12523782 185
3699 12523967 157
3700 12524124 176
3701 12524300 201
3702 12524501 606
3703 12525107 619
3704 12525726 623
3705 12526349 632
3706 12526981 623
3707 12527604 620
3708 12528224 170
3709 12528394 586
3710 12528980 644
3711 12529624 190
3712 12529814 626
3713 12530440 607
3714 12531047 644
3715 12531691 216
3716 12531907 615
3717 12532522 197
3718 12532719 624
3719 12533343 164
3720 12533507 632
3721 12534139 644
3722 12534783 162
3723 12534945 614
3724 12535559 183
3725 12535742 169
3726 12535911 151
3727 12536062 201
3728 12536263 617
3729 12536880 623
3730 12537503 634
3731 12538137 624
3732 12538761 621
3733 12539382 644
3734 12540026 176
3735 12540202 586
3736 12540788 678
3737 12541466 216
3738 12541682 196
3739 12541878 625
3740 12542503 611
3741 12543114 187
3742 12543301 178
3743 12543479 644
3744 12544123 174
3745 12544297 667
3746 12544964 204
3747 12545168 659
3748 12545827 224
3749 12546051 616
3750 12546667 178
3751 12546845 198
3752 12547043 632
3753 12547675 643
3754 12548318 660
3755 12548978 635
3756 12549613 652
3757 12550265 647
3758 12550912 651
3759 12551563 639
3760 12552202 654
3761 12552856 648
3762 12553504 652
3763 12554156 650
3764 12554806 626
3765 12555432 203
3766 12555635 622
3767 12556257 619
3768 12556876 608
3769 12557484 617
3770 12558101 618
3771 12558719 633
3772 12559352 623
3773 12559975 652
3774 12560627 164
3775 12560791 586
3776 12561377 181
3777 12561558 612
3778 12562170 644
3779 12562814 179
3780 12562993 633
3781 12563626 184
3782 12563810 626
3783 12564436 610
3784 12565046 647
3785 12565693 644
3786 12566337 206
3787 12566543 613
3788 12567156 164
3789 12567320 632
3790 12567952 644
3791 12568596 225
3792 12568821 151
3793 12568972 215
3794 12569187 151
3795 12569338 604
3796 12569942 616
3797 12570558 623
3798 12571181 636
3799 12571817 625
3800 12572442 627
3801 12573069 176
3802 12573245 588
3803 12573833 644
3804 12574477 182
3805 12574659 190
3806 12574849 625
3807 12575474 609
3808 12576083 644
3809 12576727 243
3810 12576970 166
3811 12577136 169
3812 12577305 194
3813 12577499 612
3814 12578111 164
3815 12578275 631
3816 12578906 644
3817 12579550 211
3818 12579761 218
3819 12579979 602
3820 12580581 170
3821 12580751 587
3822 12581338 151
3823 12581489 178
3824 12581667 158
3825 12581825 188
3826 12582013 626
3827 12582639 625
3828 12583264 624
3829 12583888 201
3830 12584089 606
3831 12584695 618
3832 12585313 623
3833 12585936 633
3834 12586569 623
3835 12587192 652
3836 12587844 645
3837 12588489 178
3838 12588667 626
3839 12589293 609
3840 12589902 645
3841 12590547 235
3842 12590782 675
3843 12591457 599
3844 12592056 187
3845 12592243 624
3846 12592867 228
3847 12593095 662
3848 12593757 206
3849 12593963 618
3850 12594581 164
3851 12594745 633
3852 12595378 173
3853 12595551 645
3854 12596196 175
3855 12596371 649
3856 12597020 646
3857 12597666 678
3858 12598344 658
3859 12599002 635
3860 12599637 637
3861 12600274 637
3862 12600911 649
3863 12601560 648
3864 12602208 677
3865 12602885 613
3866 12603498 203
3867 12603701 619
3868 12604320 623
3869 12604943 605
3870 12605548 617
3871 12606165 623
3872 12606788 633
3873 12607421 621
3874 12608042 677
3875 12608719 177
3876 12608896 588
3877 12609484 645
3878 12610129 178
3879 12610307 627
3880 12610934 608
3881 12611542 645
3882 12612187 227
3883 12612414 226
3884 12612640 621
3885 12613261 183
3886 12613444 629
3887 12614073 645
3888 12614718 641
3889 12615359 200
3890 12615559 203
3891 12615762 215
3892 12615977 209
3893 12616186 203
3894 12616389 604
3895 12616993 618
3896 12617611 618
3897 12618229 630
3898 12618859 627
3899 12619486 639
3900 12620125 183
3901 12620308 587
3902 12620895 645
3903 12621540 635
3904 12622175 193
3905 12622368 625
3906 12622993 607
3907 12623600 645
3908 12624245 193
3909 12624438 176
3910 12624614 254
3911 12624868 629
3912 12625497 198
3913 12625695 646
3914 12626341 645
3915 12626986 189
3916 12627175 588
3917 12627763 216
3918 12627979 647
3919 12628626 645
3920 12629271 172
3921 12629443 630
3922 12630073 607
3923 12630680 645
3924 12631325 186
3925 12631511 625
3926 12632136 223
3927 12632359 610
3928 12632969 177
3929 12633146 612
3930 12633758 645
3931 12634403 181
3932 12634584 187
3933 12634771 175
3934 12634946 220
3935 12635166 623
3936 12635789 682
3937 12636471 627
3938 12637098 643
3939 12637741 657
3940 12638398 643
3941 12639041 626
3942 12639667 645
3943 12640312 649
3944 12640961 634
3945 12641595 647
3946 12642242 644
3947 12642886 2677
3948 12645563 2745
3949 12648308 1917
3950 12650225 2436
3951 12652661 7162
3952 12659823 1554
3953 12661377 1145
3954 12662522 1145
3955 12663667 1137
3956 12664804 1145
3957 12665949 1145
3958 12667094 1145
3959 12668239 1145
3960 12669384 1145
3961 12670529 1145
3962 12671674 8080
3963 12679754 5546
3964 12685300 1320
3965 12686620 2004
3966 12688624 4755
3967 12693379 6785
3968 12700164 8186
3969 12708350 3916
3970 12712266 5490
3971 12717756 1244
3972 12719000 8856
3973 12727856 6016
3974 12733872 2060
3975 12735932 4455
3976 12740387 1942
3977 12742329 9304
3978 12751633 2400
3979 12754033 1268
3980 12755301 2921
3981 12758222 2155
3982 12760377 3012
3983 12763389 938
3984 12764327 3768
3985 12768095 2594
3986 12770689 1512
3987 12772201 3407
3988 12775608 1654
3989 12777262 6372
3990 12783634 2466
3991 12786100 2153
3992 12788253 5072
3993 12793325 8568
3994 12801893 5190
3995 12807083 1088
3996 12808171 1300
3997 12809471 1463
3998 12810934 2466
3999 12813400 2362
4000 12815762 1820
4001 12817582 3503
4002 12821085 2420
4003 12823505 3927
4004 12827432 3755
4005 12831187 437
4006 12831624 13387
4007 12845011 9604
4008 12854615 2462
4009 12857077 2084
4010 12859161 2432
4011 12861593 2656
4012 12864249 6383
4013 12870632 7998
4014 12878630 5230
4015 12883860 5948
4016 12889808 4560
4017 12894368 2496
4018 12896864 2484
4019 12899348 7415
4020 12906763 8512
4021 12915275 5406
4022 12920681 644
4023 12921325 2795
4024 12924120 3246
4025 12927366 1135
4026 12928501 1778
4027 12930279 1921
4028 12932200 637
4029 12932837 478
4030 12933315 601
4031 12933916 2573
4032 12936489 2515
4033 12939004 1918
4034 12940922 5770
4035 12946692 2033
4036 12948725 3821
4037 12952546 8134
4038 12960680 4188
4039 12964868 2384
4040 12967252 1574
4041 12968826 3009
4042 12971835 1776
4043 12973611 8307
4044 12981918 1696
4045 12983614 5666
4046 12989280 2550
4047 12991830 8580
4048 13000410 7403
4049 13007813 2417
4050 13010230 1461
4051 13011691 1641
4052 13013332 2674
4053 13016006 2582
4054 13018588 2253
4055 13020841 3064
4056 13023905 2070
4057 13025975 2988
4058 13028963 6956
4059 13035919 6362
4060 13042281 6894
4061 13049175 6773
4062 13055948 3945
4063 13059893 8126
4064 13068019 7787
4065 13075806 3117
4066 13078923 1800
4067 13080723 2984
4068 13083707 1616
4069 13085323 3026
4070 13088349 3437
4071 13091786 1861
4072 13093647 1528
4073 13095175 4772
4074 13099947 1745
4075 13101692 1519
4076 13103211 2465
4077 13105676 3616
4078 13109292 2064
4079 13111356 1459
4080 13112815 2812
4081 13115627 7818
4082 13123445 3333
4083 13126778 3626
4084 13130404 8875
4085 13139279 3734
4086 13143013 2825
4087 13145838 2202
4088 13148040 3568
4089 13151608 3495
4090 13155103 2071
4091 13157174 1600
4092 13158774 1794
4093 13160568 6360
4094 13166928 3199
4095 13170127 2235
4096 13172362 1860
4097 13174222 3422
4098 13177644 5504
4099 13183148 2005
4100 13185153 4150
4101 13189303 2714
4102 13192017 3757
4103 13195774 1746
4104 13197520 1537
4105 13199057 1546
4106 13200603 1618
4107 13202221 3648
4108 13205869 2733
4109 13208602 3960
4110 13212562 2379
4111 13214941 2393
4112 13217334 2587
4113 13219921 2370
4114 13222291 2532
4115 13224823 23251
4116 13248074 3212
4117 13251286 3614
4118 13254900 6316
4119 13261216 3085
4120 13264301 3293
4121 13267594 3406
4122 13271000 5233
4123 13276233 1608
4124 13277841 2585
4125 13280426 3415
4126 13283841 2446
4127 13286287 1074
4128 13287361 2357
4129 13289718 5077
4130 13294795 4221
4131 13299016 3012
4132 13302028 3771
4133 13305799 2633
4134 13308432 5414
4135 13313846 2521
4136 13316367 3783
4137 13320150 1093
4138 13321243 5308
4139 13326551 1436
4140 13327987 1208
4141 13329195 2038
4142 13331233 7437
4143 13338670 3323
4144 13341993 2531
4145 13344524 8498
4146 13353022 4217
4147 13357239 3218
4148 13360457 12850
4149 13373307 4567
4150 13377874 2364
4151 13380238 2420
4152 13382658 652
4153 13383310 1369
4154 13384679 10075
4155 13394754 21754
4156 13416508 864
4157 13417372 3506
4158 13420878 3827
4159 13424705 1415
4160 13426120 1060
4161 13427180 5752
4162 13432932 1205
4163 13434137 903
4164 13435040 10813
4165 13445853 1348
4166 13447201 17718
4167 13464919 9466
4168 13474385 2836
4169 13477221 3963
4170 13481184 1348
4171 13482532 4591
4172 13487123 5948
4173 13493071 1052
4174 13494123 870
4175 13494993 2294
4176 13497287 8158
4177 13505445 3247
4178 13508692 1834
4179 13510526 522
4180 13511048 1540
4181 13512588 2268
4182 13514856 3800
4183 13518656 5926
4184 13524582 1322
4185 13525904 3160
4186 13529064 1232
4187 13530296 1306
4188 13531602 1096
4189 13532698 5528
4190 13538226 922
4191 13539148 4356
4192 13543504 335
4193 13543839 8867
4194 13552706 3582
4195 13556288 1598
4196 13557886 1330
4197 13559216 6387
4198 13565603 4064
4199 13569667 1242
4200 13570909 2935
4201 13573844 2648
4202 13576492 1771
4203 13578263 4102
4204 13582365 12808
4205 13595173 1466
4206 13596639 4021
4207 13600660 3571
4208 13604231 1356
4209 13605587 1079
4210 13606666 3950
4211 13610616 6864
4212 13617480 12930
4213 13630410 1575
4214 13631985 1509
4215 13633494 1444
4216 13634938 2422
4217 13637360 2149
4218 13639509 1738
4219 13641247 1755
4220 13643002 1146
4221 13644148 1627
4222 13645775 796
4223 13646571 7012
4224 13653583 8119
4225 13661702 1468
4226 13663170 1074
4227 13664244 4658
4228 13668902 2413
4229 13671315 1156
4230 13672471 6425
4231 13678896 1761
4232 13680657 7542
4233 13688199 2156
4234 13690355 6379
4235 13696734 3982
4236 13700716 1382
4237 13702098 8322
4238 13710420 6883
4239 13717303 9518
4240 13726821 3631
4241 13730452 2214
4242 13732666 3380
4243 13736046 4717
4244 13740763 1670
4245 13742433 469
4246 13742902 3160
4247 13746062 2108
4248 13748170 10191
4249 13758361 1124
4250 13759485 1340
4251 13760825 5179
4252 13766004 2530
4253 13768534 6652
4254 13775186 7823
4255 13783009 1415
4256 13784424 1769
4257 13786193 2243
4258 13788436 3411
4259 13791847 1955
4260 13793802 2099
4261 13795901 6046
4262 13801947 2073
4263 13804020 1454
4264 13805474 1104
4265 13806578 3175
4266 13809753 6312
4267 13816065 1981
4268 13818046 2389
4269 13820435 2606
4270 13823041 2610
4271 13825651 3600
4272 13829251 1410
4273 13830661 8493
4274 13839154 3907
4275 13843061 1477
4276 13844538 10443
4277 13854981 4097
4278 13859078 7200
4279 13866278 3357
4280 13869635 6493
4281 13876128 4370
4282 13880498 4659
4283 13885157 2991
4284 13888148 1318
4285 13889466 3071
4286 13892537 1954
4287 13894491 1667
4288 13896158 1713
4289 13897871 3351
4290 13901222 2062
4291 13903284 2127
4292 13905411 981
4293 13906392 1891
4294 13908283 3955
4295 13912238 2196
4296 13914434 5396
4297 13919830 1742
4298 13921572 1894
4299 13923466 2542
4300 13926008 2192
4301 13928200 2377
4302 13930577 2184
4303 13932761 1791
4304 13934552 2381
4305 13936933 6016
4306 13942949 4952
4307 13947901 1626
4308 13949527 13673
4309 13963200 5370
4310 13968570 974
4311 13969544 14503
4312 13984047 1852
4313 13985899 1603
4314 13987502 1093
4315 13988595 1515
4316 13990110 1762
4317 13991872 6076
4318 13997948 2986
4319 14000934 3076
4320 14004010 2384
4321 14006394 1952
4322 14008346 2848
4323 14011194 5401
4324 14016595 15390
4325 14031985 7237
4326 14039222 3353
4327 14042575 3232
4328 14045807 2538
4329 14048345 2958
4330 14051303 1340
4331 14052643 2295
4332 14054938 5271
4333 14060209 1609
4334 14061818 1294
4335 14063112 1702
4336 14064814 1988
4337 14066802 2062
4338 14068864 2601
4339 14071465 2026
4340 14073491 1493
4341 14074984 1487
4342 14076471 1392
4343 14077863 2488
